slope: 4.20157469466e-05
intercept: 440.693646678
r-value: 0.114768473686
p-value: 0.000189854300511
std_err: 1.12178311817e-05
